2.39562		2.47189
2.55284		2.58017
2.60199		3.05632
2.71462		2.9915
2.95471		2.9915
3.07609		3.1902
2.83212		3.69877
3.20924		4.19746
3.41986		4.76339
3.63658		4.56348
3.56034		4.97206
4.58134		7.11236
4.97599		7.91706
5.40463		9.97959
5.75932		10.41676
6.66597		12.33906
7.10344		13.7057
7.88057		14.61609
7.5536		15.58696
8.37997		16.23493
9.31647		16.23493
9.12115		17.31333
9.90688		19.64762
11.46645	20.07335
13.84601	21.36088
18.15964	18.42382
21.01839	16.58672
27.56654	12.87959
31.90615	10.64248
30.0047		10.64248
33.28725	8.98449
35.4718		8.26388
44.59256	5.76468
46.52281	5.29097
50.53041	3.93602
58.48508	2.6932
63.65788	2.22541
66.4134		2.00351
70.62213	1.6204
92.62399	0.89673
94.60743	0.82305